Energy(MeV)	GeoEff(%)	IntEff(%)	AbsEff(%)
0.662	1.281	73.911	0.9468
0.862	1.297	72.2128	0.9366
1.062	1.2996	71.0757	0.9237
1.262	1.2958	70.1497	0.909
1.462	1.3071	68.3345	0.8932
1.662	1.3056	68.5279	0.8947
1.862	1.3137	67.2832	0.8839
2.062	1.2964	67.4406	0.8743
2.262	1.3007	67.3945	0.8766
2.462	1.2936	66.5198	0.8605
2.662	1.286	67.1229	0.8632
2.862	1.2995	66.6949	0.8667
3.062	1.2937	67.3804	0.8717
3.262	1.2817	67.7382	0.8682
3.462	1.2774	66.7058	0.8521
3.662	1.2857	67.0996	0.8627
3.862	1.2772	67.4288	0.8612
4.062	1.2713	67.1911	0.8542
4.262	1.2649	68.203	0.8627
4.462	1.2642	68.6047	0.8673
4.662	1.277	68.473	0.8744
4.862	1.2534	69.0043	0.8649
5.062	1.2715	68.2737	0.8681
5.262	1.2542	69.5423	0.8722
5.462	1.2466	69.6855	0.8687
5.662	1.2721	69.5071	0.8842
5.862	1.2545	69.8206	0.8759
6.062	1.2577	69.969	0.88
6.262	1.248	71.1859	0.8884
6.462	1.2418	70.6958	0.8779
6.662	1.2467	70.5543	0.8796
6.862	1.2501	71.5543	0.8945
7.062	1.2515	71.7299	0.8977
7.262	1.2342	71.7307	0.8853
7.462	1.2361	71.9278	0.8891
7.662	1.2534	72.8179	0.9127
7.862	1.2375	72.9212	0.9024
8.062	1.221	72.9975	0.8913
8.262	1.2278	72.9435	0.8956
8.462	1.2323	73.1478	0.9014
8.662	1.2071	73.6973	0.8896
8.862	1.2389	73.646	0.9124
9.062	1.2353	73.5287	0.9083
9.262	1.2038	74.2565	0.8939
9.462	1.2321	74.304	0.9155
9.662	1.2119	74.4946	0.9028
9.862	1.2197	74.2396	0.9055
10.062	1.2228	74.7874	0.9145
10.262	1.211	75.4583	0.9138
10.462	1.2085	76.5743	0.9254
10.662	1.2323	75.5579	0.9311
10.862	1.2161	76.3671	0.9287
11.062	1.2089	75.8706	0.9172
11.262	1.2155	76.0757	0.9247
11.462	1.2183	76.7381	0.9349
11.662	1.1944	76.5238	0.914
11.862	1.2224	76.6198	0.9366
12.062	1.2056	76.8082	0.926
12.262	1.1956	77.6347	0.9282
12.462	1.2127	77.2903	0.9373
12.662	1.197	77.5773	0.9286
12.862	1.1971	77.3285	0.9257
13.062	1.1975	78.0376	0.9345
13.262	1.1887	77.6647	0.9232
13.462	1.2082	77.8927	0.9411
13.662	1.2042	78.2677	0.9425
13.862	1.2054	78.5631	0.947
14.062	1.2196	77.9928	0.9512
14.262	1.1886	78.5967	0.9342
14.462	1.1923	78.7805	0.9393
14.662	1.1771	79.8743	0.9402
14.862	1.1978	78.6609	0.9422
15.062	1.2011	79.7352	0.9577
15.262	1.2064	79.6999	0.9615
15.462	1.1985	79.8248	0.9567
15.662	1.1882	79.7509	0.9476
15.862	1.1896	80.2202	0.9543
16.062	1.191	80.9908	0.9646
16.262	1.1983	80.973	0.9703
16.462	1.1825	80.9725	0.9575
16.662	1.1975	81.4697	0.9756
16.862	1.1988	80.5889	0.9661
17.062	1.183	81.7413	0.967
17.262	1.1706	81.454	0.9535
17.462	1.1587	81.2549	0.9415
17.662	1.1761	80.7754	0.95
17.862	1.1913	81.3397	0.969
18.062	1.1825	80.9641	0.9574
18.262	1.1746	82.3089	0.9668
18.462	1.1765	81.054	0.9536
18.662	1.1911	81.6052	0.972
18.862	1.1804	81.8028	0.9656
19.062	1.1856	81.385	0.9649
19.262	1.1706	81.3771	0.9526
19.462	1.1646	81.5902	0.9502
19.662	1.2	82.775	0.9933
19.862	1.1819	82.2151	0.9717
